4 0.28638148307800293 0.2307383418083191 0.20236435532569885 0.1352933645248413
4 0.8916675448417664 0.46462610363960266 0.21663784980773926 0.2721307575702667
4 0.9470464587211609 0.2797935903072357 0.10506705939769745 0.12277136743068695
4 0.1985328048467636 0.43089374899864197 0.20340684056282043 0.2230527251958847
0 0.24473389983177185 0.11437629163265228 0.018332768231630325 0.10646966099739075
4 0.6367044448852539 0.7776377201080322 0.26303520798683167 0.4433489143848419
4 0.5356305837631226 0.053212281316518784 0.06873931735754013 0.10637005418539047
0 0.9345674514770508 0.05694075673818588 0.019625091925263405 0.09145855158567429
4 0.0180975254625082 0.24459144473075867 0.03616961091756821 0.07214024662971497
4 0.5933259129524231 0.021173145622015 0.058217428624629974 0.04234629124403
