4 0.2856839597225189 0.23105716705322266 0.20135697722434998 0.13698260486125946
4 0.9111655354499817 0.46455591917037964 0.177668958902359 0.26962289214134216
4 0.6365842819213867 0.7777310013771057 0.2630824148654938 0.4442020058631897
0 0.24566850066184998 0.11516784876585007 0.01767110824584961 0.10550519824028015
4 0.9554244875907898 0.29218143224716187 0.0888446792960167 0.12501075863838196
0 0.9396172761917114 0.05332494154572487 0.024751091375947 0.08962336927652359
4 0.2717260718345642 0.38225725293159485 0.18697266280651093 0.20832517743110657
4 0.017866667360067368 0.24575504660606384 0.03572006896138191 0.0691986083984375
4 0.6006995439529419 0.016720708459615707 0.05907020717859268 0.03255211561918259
4 0.5401679277420044 0.04940716549754143 0.0672270804643631 0.09847851097583771
