4 0.2851676046848297 0.2284889817237854 0.1985303908586502 0.1341167390346527
4 0.9241317510604858 0.46880102157592773 0.151408389210701 0.26260945200920105
4 0.6365321278572083 0.7778728008270264 0.2630082964897156 0.44375407695770264
4 0.9639948010444641 0.29324981570243835 0.07178344577550888 0.14534886181354523
0 0.2458643615245819 0.11598637700080872 0.01725330390036106 0.10420846194028854
0 0.9413713216781616 0.053629614412784576 0.0221710205078125 0.08875826746225357
4 0.32336899638175964 0.34874752163887024 0.1711786687374115 0.19912956655025482
4 0.5458364486694336 0.04495538771152496 0.06381893157958984 0.08882788568735123
4 0.018054082989692688 0.24541714787483215 0.036108165979385376 0.07152845710515976
4 0.6089829206466675 0.01280287466943264 0.05422935634851456 0.02527228742837906
