4 0.8867486119270325 0.4664422273635864 0.2263910323381424 0.26729270815849304
4 0.28669673204421997 0.23087242245674133 0.20285329222679138 0.13575294613838196
4 0.1800852119922638 0.44238388538360596 0.20738986134529114 0.227821946144104
4 0.9445613026618958 0.2800566554069519 0.11015987396240234 0.12028007209300995
0 0.2444915473461151 0.11462612450122833 0.01806621626019478 0.10615738481283188
4 0.636641800403595 0.7775787115097046 0.2630472183227539 0.44333919882774353
4 0.018100956454873085 0.2445257604122162 0.03617458418011665 0.07231661677360535
0 0.9334249496459961 0.053494442254304886 0.02083129808306694 0.09871184080839157
4 0.5349292159080505 0.053704146295785904 0.06896915286779404 0.10740829259157181
4 0.5912351012229919 0.02190336585044861 0.05835580825805664 0.04380673170089722
