4 0.2861402928829193 0.23165571689605713 0.2013286054134369 0.13544252514839172
4 0.905225932598114 0.4673926532268524 0.18954810500144958 0.2671666443347931
4 0.2513003349304199 0.39510002732276917 0.19196052849292755 0.21234486997127533
0 0.2453095018863678 0.11567336320877075 0.017421912401914597 0.10432645678520203
4 0.9524367451667786 0.2886277139186859 0.09484004974365234 0.123082734644413
4 0.636572003364563 0.7777279615402222 0.263148695230484 0.4441545605659485
0 0.9380990862846375 0.05468062311410904 0.024259185418486595 0.08918289840221405
4 0.5384849905967712 0.0512114092707634 0.06774959713220596 0.10034455358982086
4 0.017886338755488396 0.24570681154727936 0.03575669229030609 0.06918080896139145
4 0.5979076623916626 0.018778355792164803 0.05970783159136772 0.03681252896785736
