4 0.2864428162574768 0.2306467741727829 0.20227213203907013 0.13540691137313843
4 0.9015573263168335 0.46586787700653076 0.19688530266284943 0.2679966390132904
4 0.9505756497383118 0.2857697904109955 0.0985906571149826 0.12165802717208862
4 0.23684310913085938 0.40391820669174194 0.19563618302345276 0.20799492299556732
4 0.6367478370666504 0.7777574062347412 0.26322346925735474 0.44374358654022217
0 0.9376681447029114 0.0572984479367733 0.02150440216064453 0.08688367158174515
0 0.2448740005493164 0.11518365889787674 0.01776447333395481 0.10504985600709915
4 0.5379561185836792 0.05134103447198868 0.06811590492725372 0.10124202072620392
4 0.01794670894742012 0.24623557925224304 0.03588724881410599 0.0683031752705574
4 0.5958960056304932 0.02060512825846672 0.059259701520204544 0.040698859840631485
