4 0.2866928279399872 0.2309412658214569 0.20149116218090057 0.13877657055854797
4 0.9577844738960266 0.29129481315612793 0.08415718376636505 0.12039286643266678
4 0.9136425852775574 0.4621936082839966 0.17271479964256287 0.2739158570766449
4 0.6366036534309387 0.7779001593589783 0.26304587721824646 0.44389140605926514
0 0.24594585597515106 0.11505609005689621 0.017755795270204544 0.10601813346147537
4 0.28431183099746704 0.3754289746284485 0.18337002396583557 0.20654508471488953
0 0.9400566220283508 0.05348089709877968 0.024699021130800247 0.08830936253070831
4 0.5409603118896484 0.04851958528161049 0.06575451046228409 0.09600680321455002
4 0.01792890951037407 0.24581262469291687 0.0358378067612648 0.06968430429697037
4 0.601948082447052 0.015997223556041718 0.05811786651611328 0.0313149020075798
