4 0.28639882802963257 0.23013660311698914 0.20235367119312286 0.1340062916278839
4 0.8979280591011047 0.464959979057312 0.20395240187644958 0.26826605200767517
4 0.9489036798477173 0.283433198928833 0.1019817367196083 0.12429487705230713
4 0.2211070954799652 0.4144247770309448 0.19733533263206482 0.22027528285980225
4 0.6367152333259583 0.7775846719741821 0.2631296217441559 0.4434985816478729
0 0.24459323287010193 0.11453679203987122 0.01742115058004856 0.10484780371189117
0 0.9367481470108032 0.057315465062856674 0.020413970574736595 0.08519511669874191
4 0.5371991395950317 0.05169440805912018 0.0683835968375206 0.10310856252908707
4 0.017973359674215317 0.24457690119743347 0.03592411056160927 0.07215309143066406
4 0.5941590070724487 0.02081209607422352 0.06010561063885689 0.04162419214844704
