4 0.28527504205703735 0.22867298126220703 0.20046862959861755 0.13617786765098572
4 0.31303030252456665 0.3542259931564331 0.17468032240867615 0.19599014520645142
0 0.24611051380634308 0.11448631435632706 0.017954254522919655 0.10731243342161179
4 0.9624876976013184 0.2903774678707123 0.0747653990983963 0.1339755654335022
4 0.9206482768058777 0.4662826657295227 0.15860328078269958 0.26826781034469604
4 0.6365454792976379 0.7779481410980225 0.2631502151489258 0.443653404712677
0 0.9406792521476746 0.05337667092680931 0.02419891394674778 0.09036561101675034
4 0.5443581342697144 0.04699867218732834 0.06395645439624786 0.09206844121217728
4 0.6086195111274719 0.013665522448718548 0.0568147674202919 0.027331044897437096
4 0.01807713881134987 0.24546492099761963 0.03615416958928108 0.0711144357919693
